919,4
919,3
919,2
919,1
919,0
918,5
918,4
918,3
918,2
918,1
918,0
915,5
915,4
915,3
915,2
915,1
915,0
913,5
913,4
913,3
913,2
913,1
913,0
911,4
911,3
911,2
911,1
911,0
910,6
910,5
910,4
910,3
910,2
910,1
910,0
908,3
908,2
908,1
908,0
903,3
903,2
903,1
903,0
902,3
902,2
902,1
902,0
900,5
900,4
900,3
900,2
900,1
900,0
898,5
898,4
898,3
898,2
898,1
898,0
896,5
896,4
896,3
896,2
896,1
896,0
894,4
894,3
894,2
894,1
894,0
890,3
890,2
890,1
890,0
889,3
889,2
889,1
889,0
888,3
888,2
888,1
888,0
887,3
887,2
887,1
887,0
885,5
885,4
885,3
885,2
885,1
885,0
883,5
883,4
883,3
883,2
883,1
883,0
879,4
879,3
879,2
879,1
879,0
878,4
878,3
878,2
878,1
878,0
877,5
877,4
877,3
877,2
877,1
877,0
873,4
873,3
873,2
873,1
873,0
871,5
871,4
871,3
871,2
871,1
871,0
869,3
869,2
869,1
869,0
7,3
5,5
5,4
5,3
5,2
5,0
4,3
3,2
3,0
2,2
2,0
1,2
1,0
0,9
1,45
3,44
2,44
1,44
3,43
2,43
1,43
3,42
2,42
1,42
3,41
2,41
1,41
3,40
2,40
1,40
3,39
2,39
1,39
3,38
2,38
1,38
3,37
2,37
1,37
3,36
2,36
1,36
3,35
2,35
1,35
3,34
2,34
1,34
3,33
2,33
1,33
3,32
2,32
1,32
3,31
2,31
1,31
3,30
2,30
1,30
3,29
2,29
1,29
3,28
2,28
1,28
3,27
2,27
1,27
3,26
2,26
1,26
3,25
2,25
1,25
3,24
2,24
1,24
3,23
2,23
1,23
3,22
2,22
1,22
3,21
2,21
1,21
3,20
2,20
1,20
3,19
2,19
1,19
3,18
2,18
1,18
3,17
2,17
1,17
3,16
2,16
1,16
3,15
2,15
1,15
3,14
2,14
1,14
3,13
2,13
1,13
3,12
2,12
1,12
3,11
2,11
1,11
3,10
2,10
1,10
3,9
2,9
1,9
3,8
2,8
1,8
3,7
2,7
1,7
3,6
2,6
1,6
3,5
2,5
1,5
3,4
2,4
1,4
3,3
2,3
1,3
0,6
0,5
0,47
0,46
0,49
0,48
0,45
0,12
0,10
0,8
0,11
0,7
0,4
0,3
